-0.017994 
-0.007015 
0.006465 
0.015470 
0.014619 
0.002814 
-0.015910 
-0.033939 
-0.043459 
-0.040187 
-0.025680 
-0.007031 
0.006110 
0.005968 
-0.009482 
-0.035102 
-0.060480 
-0.074509 
-0.070649 
-0.050431 
-0.023388 
-0.003146 
-0.001242 
-0.021401 
-0.057061 
-0.093589 
-0.114554 
-0.109432 
-0.079224 
-0.037112 
-0.003394 
0.003502 
-0.023955 
-0.077554 
-0.135409 
-0.170733 
-0.163977 
-0.113109 
-0.037065 
0.030056 
0.052609 
0.009777 
-0.092123 
-0.217220 
-0.309797 
-0.313537 
-0.193580 
0.047059 
0.363573 
0.680397 
0.914047 
1.000000 
0.914047 
0.680397 
0.363573 
0.047059 
-0.193580 
-0.313537 
-0.309797 
-0.217220 
-0.092123 
0.009777 
0.052609 
0.030056 
-0.037065 
-0.113109 
-0.163977 
-0.170733 
-0.135409 
-0.077554 
-0.023955 
0.003502 
-0.003394 
-0.037112 
-0.079224 
-0.109432 
-0.114554 
-0.093589 
-0.057061 
-0.021401 
-0.001242 
-0.003146 
-0.023388 
-0.050431 
-0.070649 
-0.074509 
-0.060480 
-0.035102 
-0.009482 
0.005968 
0.006110 
-0.007031 
-0.025680 
-0.040187 
-0.043459 
-0.033939 
-0.015910 
0.002814 
0.014619 
0.015470 
0.006465 
