-0.0010 
-0.0010 
-0.0010 
-0.0011 
-0.0011 
-0.0012 
-0.0012 
-0.0012 
-0.0013 
-0.0013 
-0.0014 
-0.0014 
-0.0015 
-0.0015 
-0.0016 
-0.0016 
-0.0017 
-0.0017 
-0.0018 
-0.0019 
-0.0019 
-0.0020 
-0.0021 
-0.0021 
-0.0022 
-0.0023 
-0.0024 
-0.0024 
-0.0025 
-0.0026 
-0.0027 
-0.0028 
-0.0029 
-0.0030 
-0.0031 
-0.0032 
-0.0033 
-0.0034 
-0.0035 
-0.0036 
-0.0037 
-0.0038 
-0.0039 
-0.0041 
-0.0042 
-0.0043 
-0.0045 
-0.0046 
-0.0048 
-0.0049 
-0.0051 
-0.0052 
-0.0054 
-0.0055 
-0.0057 
-0.0059 
-0.0061 
-0.0063 
-0.0064 
-0.0066 
-0.0068 
-0.0071 
-0.0073 
-0.0075 
-0.0077 
-0.0079 
-0.0082 
-0.0084 
-0.0087 
-0.0089 
-0.0092 
-0.0095 
-0.0097 
-0.0100 
-0.0103 
-0.0106 
-0.0109 
-0.0112 
-0.0116 
-0.0119 
-0.0122 
-0.0126 
-0.0129 
-0.0133 
-0.0137 
-0.0140 
-0.0144 
-0.0148 
-0.0152 
-0.0157 
-0.0161 
-0.0165 
-0.0170 
-0.0175 
-0.0179 
-0.0184 
-0.0189 
-0.0194 
-0.0199 
-0.0205 
-0.0210 
-0.0216 
-0.0221 
-0.0227 
-0.0233 
-0.0239 
-0.0245 
-0.0252 
-0.0258 
-0.0265 
-0.0272 
-0.0279 
-0.0286 
-0.0293 
-0.0300 
-0.0308 
-0.0315 
-0.0323 
-0.0331 
-0.0339 
-0.0348 
-0.0356 
-0.0365 
-0.0374 
-0.0383 
-0.0392 
-0.0402 
-0.0411 
-0.0421 
-0.0431 
-0.0441 
-0.0451 
-0.0462 
-0.0473 
-0.0484 
-0.0495 
-0.0506 
-0.0518 
-0.0530 
-0.0542 
-0.0554 
-0.0566 
-0.0579 
-0.0592 
-0.0605 
-0.0618 
-0.0632 
-0.0646 
-0.0660 
-0.0674 
-0.0688 
-0.0703 
-0.0718 
-0.0733 
-0.0749 
-0.0765 
-0.0781 
-0.0797 
-0.0813 
-0.0830 
-0.0847 
-0.0864 
-0.0882 
-0.0900 
-0.0918 
-0.0936 
-0.0955 
-0.0974 
-0.0993 
-0.1012 
-0.1032 
-0.1052 
-0.1072 
-0.1092 
-0.1113 
-0.1134 
-0.1156 
-0.1177 
-0.1199 
-0.1221 
-0.1244 
-0.1266 
-0.1289 
-0.1312 
-0.1336 
-0.1360 
-0.1384 
-0.1408 
-0.1433 
-0.1458 
-0.1483 
-0.1508 
-0.1534 
-0.1560 
-0.1586 
-0.1612 
-0.1639 
-0.1666 
-0.1693 
-0.1721 
-0.1749 
-0.1777 
-0.1805 
-0.1833 
-0.1862 
-0.1891 
-0.1920 
-0.1949 
-0.1979 
-0.2009 
-0.2039 
-0.2069 
-0.2100 
-0.2130 
-0.2161 
-0.2192 
-0.2223 
-0.2255 
-0.2286 
-0.2318 
-0.2350 
-0.2382 
-0.2414 
-0.2446 
-0.2478 
-0.2511 
-0.2544 
-0.2576 
-0.2609 
-0.2642 
-0.2675 
-0.2708 
-0.2741 
-0.2775 
-0.2808 
-0.2841 
-0.2874 
-0.2908 
-0.2941 
-0.2974 
-0.3008 
-0.3041 
-0.3074 
-0.3107 
-0.3140 
-0.3173 
-0.3206 
-0.3239 
-0.3272 
-0.3304 
-0.3337 
-0.3369 
-0.3401 
-0.3433 
-0.3465 
-0.3497 
-0.3528 
-0.3559 
-0.3590 
-0.3621 
-0.3651 
-0.3681 
-0.3711 
-0.3740 
-0.3769 
-0.3798 
-0.3826 
-0.3854 
-0.3882 
-0.3909 
-0.3936 
-0.3962 
-0.3988 
-0.4013 
-0.4038 
-0.4062 
-0.4086 
-0.4109 
-0.4131 
-0.4154 
-0.4175 
-0.4196 
-0.4216 
-0.4235 
-0.4254 
-0.4272 
-0.4290 
-0.4307 
-0.4322 
-0.4338 
-0.4352 
-0.4366 
-0.4378 
-0.4390 
-0.4402 
-0.4412 
-0.4421 
-0.4430 
-0.4437 
-0.4444 
-0.4449 
-0.4454 
-0.4458 
-0.4460 
-0.4462 
-0.4463 
-0.4462 
-0.4461 
-0.4458 
-0.4454 
-0.4449 
-0.4443 
-0.4436 
-0.4428 
-0.4419 
-0.4408 
-0.4396 
-0.4383 
-0.4369 
-0.4353 
-0.4336 
-0.4318 
-0.4299 
-0.4278 
-0.4256 
-0.4233 
-0.4208 
-0.4182 
-0.4155 
-0.4126 
-0.4096 
-0.4064 
-0.4031 
-0.3997 
-0.3961 
-0.3924 
-0.3886 
-0.3846 
-0.3804 
-0.3762 
-0.3717 
-0.3672 
-0.3624 
-0.3576 
-0.3526 
-0.3474 
-0.3421 
-0.3367 
-0.3311 
-0.3253 
-0.3194 
-0.3134 
-0.3072 
-0.3009 
-0.2944 
-0.2878 
-0.2811 
-0.2741 
-0.2671 
-0.2599 
-0.2526 
-0.2451 
-0.2375 
-0.2297 
-0.2218 
-0.2138 
-0.2056 
-0.1973 
-0.1889 
-0.1803 
-0.1716 
-0.1627 
-0.1538 
-0.1447 
-0.1355 
-0.1261 
-0.1166 
-0.1071 
-0.0973 
-0.0875 
-0.0776 
-0.0675 
-0.0574 
-0.0471 
-0.0367 
-0.0262 
-0.0156 
-0.0050 
0.0058 
0.0167 
0.0277 
0.0387 
0.0499 
0.0611 
0.0724 
0.0838 
0.0953 
0.1068 
0.1184 
0.1301 
0.1418 
0.1536 
0.1654 
0.1773 
0.1893 
0.2013 
0.2133 
0.2254 
0.2375 
0.2496 
0.2618 
0.2740 
0.2862 
0.2984 
0.3107 
0.3229 
0.3352 
0.3475 
0.3597 
0.3720 
0.3842 
0.3965 
0.4087 
0.4209 
0.4330 
0.4452 
0.4573 
0.4693 
0.4814 
0.4933 
0.5053 
0.5171 
0.5290 
0.5407 
0.5524 
0.5640 
0.5756 
0.5870 
0.5984 
0.6097 
0.6209 
0.6320 
0.6431 
0.6540 
0.6648 
0.6755 
0.6861 
0.6965 
0.7069 
0.7171 
0.7272 
0.7371 
0.7470 
0.7566 
0.7662 
0.7756 
0.7848 
0.7939 
0.8028 
0.8116 
0.8202 
0.8286 
0.8369 
0.8450 
0.8529 
0.8606 
0.8682 
0.8756 
0.8827 
0.8897 
0.8965 
0.9031 
0.9095 
0.9157 
0.9217 
0.9275 
0.9331 
0.9384 
0.9436 
0.9485 
0.9532 
0.9577 
0.9620 
0.9661 
0.9699 
0.9735 
0.9769 
0.9801 
0.9830 
0.9857 
0.9882 
0.9904 
0.9924 
0.9942 
0.9957 
0.9970 
0.9981 
0.9989 
0.9995 
0.9999 
1.0000 
0.9999 
0.9995 
0.9989 
0.9981 
0.9970 
0.9957 
0.9942 
0.9924 
0.9904 
0.9882 
0.9857 
0.9830 
0.9801 
0.9769 
0.9735 
0.9699 
0.9661 
0.9620 
0.9577 
0.9532 
0.9485 
0.9436 
0.9384 
0.9331 
0.9275 
0.9217 
0.9157 
0.9095 
0.9031 
0.8965 
0.8897 
0.8827 
0.8756 
0.8682 
0.8606 
0.8529 
0.8450 
0.8369 
0.8286 
0.8202 
0.8116 
0.8028 
0.7939 
0.7848 
0.7756 
0.7662 
0.7566 
0.7470 
0.7371 
0.7272 
0.7171 
0.7069 
0.6965 
0.6861 
0.6755 
0.6648 
0.6540 
0.6431 
0.6320 
0.6209 
0.6097 
0.5984 
0.5870 
0.5756 
0.5640 
0.5524 
0.5407 
0.5290 
0.5171 
0.5053 
0.4933 
0.4814 
0.4693 
0.4573 
0.4452 
0.4330 
0.4209 
0.4087 
0.3965 
0.3842 
0.3720 
0.3597 
0.3475 
0.3352 
0.3229 
0.3107 
0.2984 
0.2862 
0.2740 
0.2618 
0.2496 
0.2375 
0.2254 
0.2133 
0.2013 
0.1893 
0.1773 
0.1654 
0.1536 
0.1418 
0.1301 
0.1184 
0.1068 
0.0953 
0.0838 
0.0724 
0.0611 
0.0499 
0.0387 
0.0277 
0.0167 
0.0058 
-0.0050 
-0.0156 
-0.0262 
-0.0367 
-0.0471 
-0.0574 
-0.0675 
-0.0776 
-0.0875 
-0.0973 
-0.1071 
-0.1166 
-0.1261 
-0.1355 
-0.1447 
-0.1538 
-0.1627 
-0.1716 
-0.1803 
-0.1889 
-0.1973 
-0.2056 
-0.2138 
-0.2218 
-0.2297 
-0.2375 
-0.2451 
-0.2526 
-0.2599 
-0.2671 
-0.2741 
-0.2811 
-0.2878 
-0.2944 
-0.3009 
-0.3072 
-0.3134 
-0.3194 
-0.3253 
-0.3311 
-0.3367 
-0.3421 
-0.3474 
-0.3526 
-0.3576 
-0.3624 
-0.3672 
-0.3717 
-0.3762 
-0.3804 
-0.3846 
-0.3886 
-0.3924 
-0.3961 
-0.3997 
-0.4031 
-0.4064 
-0.4096 
-0.4126 
-0.4155 
-0.4182 
-0.4208 
-0.4233 
-0.4256 
-0.4278 
-0.4299 
-0.4318 
-0.4336 
-0.4353 
-0.4369 
-0.4383 
-0.4396 
-0.4408 
-0.4419 
-0.4428 
-0.4436 
-0.4443 
-0.4449 
-0.4454 
-0.4458 
-0.4461 
-0.4462 
-0.4463 
-0.4462 
-0.4460 
-0.4458 
-0.4454 
-0.4449 
-0.4444 
-0.4437 
-0.4430 
-0.4421 
-0.4412 
-0.4402 
-0.4390 
-0.4378 
-0.4366 
-0.4352 
-0.4338 
-0.4322 
-0.4307 
-0.4290 
-0.4272 
-0.4254 
-0.4235 
-0.4216 
-0.4196 
-0.4175 
-0.4154 
-0.4131 
-0.4109 
-0.4086 
-0.4062 
-0.4038 
-0.4013 
-0.3988 
-0.3962 
-0.3936 
-0.3909 
-0.3882 
-0.3854 
-0.3826 
-0.3798 
-0.3769 
-0.3740 
-0.3711 
-0.3681 
-0.3651 
-0.3621 
-0.3590 
-0.3559 
-0.3528 
-0.3497 
-0.3465 
-0.3433 
-0.3401 
-0.3369 
-0.3337 
-0.3304 
-0.3272 
-0.3239 
-0.3206 
-0.3173 
-0.3140 
-0.3107 
-0.3074 
-0.3041 
-0.3008 
-0.2974 
-0.2941 
-0.2908 
-0.2874 
-0.2841 
-0.2808 
-0.2775 
-0.2741 
-0.2708 
-0.2675 
-0.2642 
-0.2609 
-0.2576 
-0.2544 
-0.2511 
-0.2478 
-0.2446 
-0.2414 
-0.2382 
-0.2350 
-0.2318 
-0.2286 
-0.2255 
-0.2223 
-0.2192 
-0.2161 
-0.2130 
-0.2100 
-0.2069 
-0.2039 
-0.2009 
-0.1979 
-0.1949 
-0.1920 
-0.1891 
-0.1862 
-0.1833 
-0.1805 
-0.1777 
-0.1749 
-0.1721 
-0.1693 
-0.1666 
-0.1639 
-0.1612 
-0.1586 
-0.1560 
-0.1534 
-0.1508 
-0.1483 
-0.1458 
-0.1433 
-0.1408 
-0.1384 
-0.1360 
-0.1336 
-0.1312 
-0.1289 
-0.1266 
-0.1244 
-0.1221 
-0.1199 
-0.1177 
-0.1156 
-0.1134 
-0.1113 
-0.1092 
-0.1072 
-0.1052 
-0.1032 
-0.1012 
-0.0993 
-0.0974 
-0.0955 
-0.0936 
-0.0918 
-0.0900 
-0.0882 
-0.0864 
-0.0847 
-0.0830 
-0.0813 
-0.0797 
-0.0781 
-0.0765 
-0.0749 
-0.0733 
-0.0718 
-0.0703 
-0.0688 
-0.0674 
-0.0660 
-0.0646 
-0.0632 
-0.0618 
-0.0605 
-0.0592 
-0.0579 
-0.0566 
-0.0554 
-0.0542 
-0.0530 
-0.0518 
-0.0506 
-0.0495 
-0.0484 
-0.0473 
-0.0462 
-0.0451 
-0.0441 
-0.0431 
-0.0421 
-0.0411 
-0.0402 
-0.0392 
-0.0383 
-0.0374 
-0.0365 
-0.0356 
-0.0348 
-0.0339 
-0.0331 
-0.0323 
-0.0315 
-0.0308 
-0.0300 
-0.0293 
-0.0286 
-0.0279 
-0.0272 
-0.0265 
-0.0258 
-0.0252 
-0.0245 
-0.0239 
-0.0233 
-0.0227 
-0.0221 
-0.0216 
-0.0210 
-0.0205 
-0.0199 
-0.0194 
-0.0189 
-0.0184 
-0.0179 
-0.0175 
-0.0170 
-0.0165 
-0.0161 
-0.0157 
-0.0152 
-0.0148 
-0.0144 
-0.0140 
-0.0137 
-0.0133 
-0.0129 
-0.0126 
-0.0122 
-0.0119 
-0.0116 
-0.0112 
-0.0109 
-0.0106 
-0.0103 
-0.0100 
-0.0097 
-0.0095 
-0.0092 
-0.0089 
-0.0087 
-0.0084 
-0.0082 
-0.0079 
-0.0077 
-0.0075 
-0.0073 
-0.0071 
-0.0068 
-0.0066 
-0.0064 
-0.0063 
-0.0061 
-0.0059 
-0.0057 
-0.0055 
-0.0054 
-0.0052 
-0.0051 
-0.0049 
-0.0048 
-0.0046 
-0.0045 
-0.0043 
-0.0042 
-0.0041 
-0.0039 
-0.0038 
-0.0037 
-0.0036 
-0.0035 
-0.0034 
-0.0033 
-0.0032 
-0.0031 
-0.0030 
-0.0029 
-0.0028 
-0.0027 
-0.0026 
-0.0025 
-0.0024 
-0.0024 
-0.0023 
-0.0022 
-0.0021 
-0.0021 
-0.0020 
-0.0019 
-0.0019 
-0.0018 
-0.0017 
-0.0017 
-0.0016 
-0.0016 
-0.0015 
-0.0015 
-0.0014 
-0.0014 
-0.0013 
-0.0013 
-0.0012 
-0.0012 
-0.0012 
-0.0011 
-0.0011 
-0.0010 
-0.0010 
-0.0010 
